00900093
00900213
00000113
00000193
100002b7
10000337
006004b3
00800113
00000013
00000013
00000013
0024a023
00500113
00000013
00000013
00000013
0024a223
00200113
00000013
00000013
00000013
0024a423
00100113
00000013
00000013
00000013
0024a623
00700113
00000013
00000013
00000013
0024a823
00300113
00000013
00000013
00000013
0024aa23
00600113
00000013
00000013
00000013
0024ac23
00400113
00000013
00000013
00000013
0024ae23
00000113
00000013
00000013
00000013
0224a023
00700113
00000013
00000013
00000013
0224a223
00000113
000003b3
00000433
00000533
00008233
00028333
00000013
00000013
00000013
00032103
00000013
00000013
00000013
000103b3
00030433
02000463
00000013
00000013
00000013
00018133
00430413
04000063
00000013
00000013
00000013
00432183
00000013
00000013
00000013
0021a533
00000013
00000013
00000013
fc0514e3
00000013
00000013
00000013
00430313
fff20213
00000013
00000013
00000013
fa021ee3
00000013
00000013
00000013
0022a023
00742023
00428293
fff08093
00000013
00000013
00000013
f2009ee3
00000013
00000013
00000013